0001_0349_0052_0222_0222.jpg 1 349 52 222 222
0002_0343_0067_0079_0079.jpg 1 343 67 79 79
0003_0107_0070_0211_0211.jpg 1 107 70 211 211
0004_0249_0078_0121_0121.jpg 1 249 78 121 121
0005_0143_0136_0183_0183.jpg 1 143 136 183 183
0006_1620_1080_0196_0196.jpg 1 1620 1080 196 196
0007_0059_0133_0026_0026.jpg 1 59 133 26 26
0008_0248_0233_0099_0099.jpg 1 248 233 99 99
0009_0776_0436_1083_1083.jpg 1 776 436 1083 1083
0010_2090_1878_1591_1591.jpg 1 2090 1878 1591 1591
0011_0044_0053_0257_0257.jpg 1 44 53 257 257
0012_1223_0355_0798_0798.jpg 1 1223 355 798 798
0013_0232_0031_0101_0101.jpg 1 232 31 101 101
0014_0429_0098_0163_0163.jpg 1 429 98 163 163
0015_0168_0102_0139_0139.jpg 1 168 102 139 139
0016_0387_0031_0265_0265.jpg 1 387 31 265 265
0017_0326_0105_0266_0266.jpg 1 326 105 266 266
0018_0208_0052_0203_0203.jpg 1 208 52 203 203
0019_0618_0714_0909_0909.jpg 1 618 714 909 909
0020_0137_0160_0188_0188.jpg 1 137 160 188 188
0021_0241_0201_0031_0031.jpg 1 241 201 31 31
0022_0370_0348_0493_0493.jpg 1 370 348 493 493
0023_1770_0600_0691_0691.jpg 1 1770 600 691 691
0024_0192_0053_0163_0163.jpg 1 192 53 163 163
0025_0960_1109_0135_0135.jpg 1 960 1109 135 135
0026_0936_0707_0770_0770.jpg 1 936 707 770 770
0027_0051_0149_0163_0163.jpg 1 51 149 163 163
0028_0817_0581_1778_1778.jpg 1 817 581 1778 1778
0029_0279_0242_0090_0090.jpg 1 279 242 90 90
0030_0463_0251_0063_0063.jpg 1 463 251 63 63
0031_0630_0424_0977_0977.jpg 1 630 424 977 977
0032_0218_0074_0196_0196.jpg 1 218 74 196 196
0033_2313_2256_1083_1083.jpg 1 2313 2256 1083 1083
0034_0187_0103_0144_0144.jpg 1 187 103 144 144
0035_0329_0174_0926_0926.jpg 1 329 174 926 926
0036_0308_0034_0254_0254.jpg 1 308 34 254 254
0037_0135_0116_0027_0027.jpg 1 135 116 27 27
0038_0097_0040_0298_0298.jpg 1 97 40 298 298
0039_0227_0496_0943_0943.jpg 1 227 496 943 943
0040_0564_0391_0621_0621.jpg 1 564 391 621 621
0041_0325_0097_0173_0173.jpg 1 325 97 173 173
0042_0386_0614_1279_1279.jpg 1 386 614 1279 1279
0043_0073_0029_0223_0223.jpg 1 73 29 223 223
0044_0345_0783_0308_0308.jpg 1 345 783 308 308
0045_0091_0057_0188_0188.jpg 1 91 57 188 188
0046_0229_0055_0129_0129.jpg 1 229 55 129 129
0047_0241_0124_0134_0134.jpg 1 241 124 134 134
0048_0163_0013_0231_0231.jpg 1 163 13 231 231
0049_0995_0639_0030_0030.jpg 1 995 639 30 30
0050_0159_0096_0020_0020.jpg 1 159 96 20 20
0051_1097_0312_0273_0273.jpg 1 1097 312 273 273
0052_4195_1243_0181_0181.jpg 1 4195 1243 181 181
0053_0179_0134_0197_0197.jpg 1 179 134 197 197
0054_1250_0568_0358_0358.jpg 1 1250 568 358 358
0055_0218_0156_0082_0082.jpg 1 218 156 82 82
0056_1125_0575_0473_0473.jpg 1 1125 575 473 473
0057_0114_0097_0236_0236.jpg 1 114 97 236 236
0058_0712_0562_0593_0593.jpg 1 712 562 593 593
0059_0140_0072_0197_0197.jpg 1 140 72 197 197
0060_0091_0070_0205_0205.jpg 1 91 70 205 205
0061_1519_0659_0830_0830.jpg 1 1519 659 830 830
0062_1043_0663_0429_0429.jpg 1 1043 663 429 429
0063_0199_0212_0103_0103.jpg 1 199 212 103 103
0064_1276_0502_0715_0715.jpg 1 1276 502 715 715
0065_0229_0189_0068_0068.jpg 1 229 189 68 68
0066_0176_0075_0054_0054.jpg 1 176 75 54 54
0067_0057_0060_0048_0048.jpg 1 57 60 48 48
0068_0103_0131_0027_0027.jpg 1 103 131 27 27
0069_1685_1168_1015_1015.jpg 1 1685 1168 1015 1015
0070_2922_0467_0942_0942.jpg 1 2922 467 942 942
0071_0403_0214_0079_0079.jpg 1 403 214 79 79
0072_0432_0205_0116_0116.jpg 1 432 205 116 116
0073_0086_0023_0178_0178.jpg 1 86 23 178 178
0074_0296_0029_0142_0142.jpg 1 296 29 142 142
0075_0436_0169_0149_0149.jpg 1 436 169 149 149
0076_0218_0241_0099_0099.jpg 1 218 241 99 99
0077_0189_0052_0226_0226.jpg 1 189 52 226 226
0078_0063_0156_0128_0128.jpg 1 63 156 128 128
0079_1804_2127_0465_0465.jpg 1 1804 2127 465 465
0080_0886_1024_1840_1840.jpg 1 886 1024 1840 1840
0081_1195_0417_0353_0353.jpg 1 1195 417 353 353
0082_0238_0115_0286_0286.jpg 1 238 115 286 286
0083_0036_0028_0279_0279.jpg 1 36 28 279 279
0084_0960_0361_0476_0476.jpg 1 960 361 476 476
0085_0693_1638_1863_1863.jpg 1 693 1638 1863 1863
0086_0115_0052_0259_0259.jpg 1 115 52 259 259
0087_1991_0535_2187_2187.jpg 1 1991 535 2187 2187
0088_0129_0047_0260_0260.jpg 1 129 47 260 260
0089_0894_0231_0180_0180.jpg 1 894 231 180 180
0090_0382_0243_0023_0023.jpg 1 382 243 23 23
0091_0068_0032_0157_0157.jpg 1 68 32 157 157
0092_0130_0042_0231_0231.jpg 1 130 42 231 231
0093_0201_0174_0184_0184.jpg 1 201 174 184 184
0094_0510_0210_0066_0066.jpg 1 510 210 66 66
0095_0175_0077_0081_0081.jpg 1 175 77 81 81
0096_0258_0126_0066_0066.jpg 1 258 126 66 66
0097_0372_0245_0921_0921.jpg 1 372 245 921 921
0098_2049_0397_2598_2598.jpg 1 2049 397 2598 2598
0099_0404_0109_0099_0099.jpg 1 404 109 99 99
0100_0152_0088_0257_0257.jpg 1 152 88 257 257
