0001_0319_0108_0273_0273.jpg 1 319 108 273 273
0002_0071_0092_0294_0294.jpg 1 71 92 294 294
0003_0284_0221_0497_0497.jpg 1 284 221 497 497
0004_0095_0053_0140_0140.jpg 1 95 53 140 140
0005_0084_0075_0168_0168.jpg 1 84 75 168 168
0006_0281_0524_0551_0551.jpg 1 281 524 551 551
0007_0530_0362_0772_0772.jpg 1 530 362 772 772
0008_0569_0181_0728_0728.jpg 1 569 181 728 728
0009_0368_0083_0169_0169.jpg 1 368 83 169 169
0010_1053_1179_0203_0203.jpg 1 1053 1179 203 203
0011_1613_0447_0517_0517.jpg 1 1613 447 517 517
0012_0599_0234_0047_0047.jpg 1 599 234 47 47
0013_0580_0535_0401_0401.jpg 1 580 535 401 401
0014_0568_0585_0370_0370.jpg 1 568 585 370 370
0015_0154_0132_0073_0073.jpg 1 154 132 73 73
0016_0224_0118_0060_0060.jpg 1 224 118 60 60
0017_1012_0648_0348_0348.jpg 1 1012 648 348 348
0018_3762_3133_0144_0144.jpg 1 3762 3133 144 144
0019_0145_0110_0161_0161.jpg 1 145 110 161 161
0020_2482_1664_1222_1222.jpg 1 2482 1664 1222 1222
0021_2004_1112_0088_0088.jpg 1 2004 1112 88 88
0022_0082_0171_0033_0033.jpg 1 82 171 33 33
0023_0249_0154_0076_0076.jpg 1 249 154 76 76
0024_0223_0135_0160_0160.jpg 1 223 135 160 160
0025_0351_0275_0069_0069.jpg 1 351 275 69 69
0026_0256_0172_0022_0022.jpg 1 256 172 22 22
0027_0195_0089_0065_0065.jpg 1 195 89 65 65
0028_0158_0055_0695_0695.jpg 1 158 55 695 695
0029_0287_0123_0135_0135.jpg 1 287 123 135 135
0030_0102_0350_0021_0021.jpg 1 102 350 21 21
0031_0992_0429_0590_0590.jpg 1 992 429 590 590
0032_0541_0227_0035_0035.jpg 1 541 227 35 35
0033_0324_0100_0174_0174.jpg 1 324 100 174 174
0034_0828_0156_0724_0724.jpg 1 828 156 724 724
0035_2331_2262_0190_0190.jpg 1 2331 2262 190 190
0036_0196_0033_0232_0232.jpg 1 196 33 232 232
0037_0205_0064_0236_0236.jpg 1 205 64 236 236
0038_0496_0054_0053_0053.jpg 1 496 54 53 53
0039_0597_0151_0654_0654.jpg 1 597 151 654 654
0040_0388_0100_0028_0028.jpg 1 388 100 28 28
0041_0214_0055_0034_0034.jpg 1 214 55 34 34
0042_0308_0145_0120_0120.jpg 1 308 145 120 120
0043_0340_0208_0079_0079.jpg 1 340 208 79 79
0044_0692_0529_0085_0085.jpg 1 692 529 85 85
0045_0796_0757_0157_0157.jpg 1 796 757 157 157
0046_0078_0090_0205_0205.jpg 1 78 90 205 205
0047_0467_0242_0100_0100.jpg 1 467 242 100 100
0048_1545_2021_0767_0767.jpg 1 1545 2021 767 767
0049_0679_0088_0428_0428.jpg 1 679 88 428 428
0050_0199_0102_0196_0196.jpg 1 199 102 196 196
0051_1667_0703_0705_0705.jpg 1 1667 703 705 705
0052_2356_1512_0997_0997.jpg 1 2356 1512 997 997
0053_0118_0082_0205_0205.jpg 1 118 82 205 205
0054_0158_0133_0147_0147.jpg 1 158 133 147 147
0055_0337_0701_0791_0791.jpg 1 337 701 791 791
0056_0173_0058_0275_0275.jpg 1 173 58 275 275
0057_0456_0249_0109_0109.jpg 1 456 249 109 109
0058_1220_1369_0041_0041.jpg 1 1220 1369 41 41
0059_1246_0334_2064_2064.jpg 1 1246 334 2064 2064
0060_0148_0165_0089_0089.jpg 1 148 165 89 89
0061_1653_1003_2018_2018.jpg 1 1653 1003 2018 2018
0062_0218_0180_0754_0754.jpg 1 218 180 754 754
0063_0081_0135_0167_0167.jpg 1 81 135 167 167
0064_0661_0860_0235_0235.jpg 1 661 860 235 235
0065_1232_0436_1315_1315.jpg 1 1232 436 1315 1315
0066_2138_1116_0317_0317.jpg 1 2138 1116 317 317
0067_1380_0947_2406_2406.jpg 1 1380 947 2406 2406
0068_0120_0086_0139_0139.jpg 1 120 86 139 139
0069_0234_0105_0235_0235.jpg 1 234 105 235 235
0070_1202_1500_1210_1210.jpg 1 1202 1500 1210 1210
0071_0294_0048_0095_0095.jpg 1 294 48 95 95
0072_1115_1059_0128_0128.jpg 1 1115 1059 128 128
0073_0193_0267_0034_0034.jpg 1 193 267 34 34
0074_0258_0167_0085_0085.jpg 1 258 167 85 85
0075_1030_1040_0189_0189.jpg 1 1030 1040 189 189
0076_1352_0272_0318_0318.jpg 1 1352 272 318 318
0077_3353_2849_0337_0337.jpg 1 3353 2849 337 337
0078_0835_0242_0795_0795.jpg 1 835 242 795 795
0079_0414_0071_0058_0058.jpg 1 414 71 58 58
0080_0113_0193_0110_0110.jpg 1 113 193 110 110
0081_0328_0252_0063_0063.jpg 1 328 252 63 63
0082_0335_0157_0064_0064.jpg 1 335 157 64 64
0083_0166_0118_0082_0082.jpg 1 166 118 82 82
0084_0088_0111_0089_0089.jpg 1 88 111 89 89
0085_0223_0042_0186_0186.jpg 1 223 42 186 186
0086_0694_0440_0520_0520.jpg 1 694 440 520 520
0087_0632_0383_0357_0357.jpg 1 632 383 357 357
0088_0262_0200_0152_0152.jpg 1 262 200 152 152
0089_0252_0027_0112_0112.jpg 1 252 27 112 112
0090_0163_0305_0799_0799.jpg 1 163 305 799 799
0091_3273_0436_0946_0946.jpg 1 3273 436 946 946
0092_0313_0109_0281_0281.jpg 1 313 109 281 281
0093_1085_0340_1811_1811.jpg 1 1085 340 1811 1811
0094_0399_0248_2236_2236.jpg 1 399 248 2236 2236
0095_0841_0512_0065_0065.jpg 1 841 512 65 65
0096_0355_0408_0847_0847.jpg 1 355 408 847 847
0097_0599_0375_0832_0832.jpg 1 599 375 832 832
0098_0082_0086_0261_0261.jpg 1 82 86 261 261
0099_1094_0227_0842_0842.jpg 1 1094 227 842 842
0100_0160_0043_0226_0226.jpg 1 160 43 226 226
0001_0349_0052_0222_0222.jpg 1 349 52 222 222
0002_0343_0067_0079_0079.jpg 1 343 67 79 79
0003_0107_0070_0211_0211.jpg 1 107 70 211 211
0004_0249_0078_0121_0121.jpg 1 249 78 121 121
0005_0143_0136_0183_0183.jpg 1 143 136 183 183
0006_1620_1080_0196_0196.jpg 1 1620 1080 196 196
0007_0059_0133_0026_0026.jpg 1 59 133 26 26
0008_0248_0233_0099_0099.jpg 1 248 233 99 99
0009_0776_0436_1083_1083.jpg 1 776 436 1083 1083
0010_2090_1878_1591_1591.jpg 1 2090 1878 1591 1591
0011_0044_0053_0257_0257.jpg 1 44 53 257 257
0012_1223_0355_0798_0798.jpg 1 1223 355 798 798
0013_0232_0031_0101_0101.jpg 1 232 31 101 101
0014_0429_0098_0163_0163.jpg 1 429 98 163 163
0015_0168_0102_0139_0139.jpg 1 168 102 139 139
0016_0387_0031_0265_0265.jpg 1 387 31 265 265
0017_0326_0105_0266_0266.jpg 1 326 105 266 266
0018_0208_0052_0203_0203.jpg 1 208 52 203 203
0019_0618_0714_0909_0909.jpg 1 618 714 909 909
0020_0137_0160_0188_0188.jpg 1 137 160 188 188
0021_0241_0201_0031_0031.jpg 1 241 201 31 31
0022_0370_0348_0493_0493.jpg 1 370 348 493 493
0023_1770_0600_0691_0691.jpg 1 1770 600 691 691
0024_0192_0053_0163_0163.jpg 1 192 53 163 163
0025_0960_1109_0135_0135.jpg 1 960 1109 135 135
0026_0936_0707_0770_0770.jpg 1 936 707 770 770
0027_0051_0149_0163_0163.jpg 1 51 149 163 163
0028_0817_0581_1778_1778.jpg 1 817 581 1778 1778
0029_0279_0242_0090_0090.jpg 1 279 242 90 90
0030_0463_0251_0063_0063.jpg 1 463 251 63 63
0031_0630_0424_0977_0977.jpg 1 630 424 977 977
0032_0218_0074_0196_0196.jpg 1 218 74 196 196
0033_2313_2256_1083_1083.jpg 1 2313 2256 1083 1083
0034_0187_0103_0144_0144.jpg 1 187 103 144 144
0035_0329_0174_0926_0926.jpg 1 329 174 926 926
0036_0308_0034_0254_0254.jpg 1 308 34 254 254
0037_0135_0116_0027_0027.jpg 1 135 116 27 27
0038_0097_0040_0298_0298.jpg 1 97 40 298 298
0039_0227_0496_0943_0943.jpg 1 227 496 943 943
0040_0564_0391_0621_0621.jpg 1 564 391 621 621
0041_0325_0097_0173_0173.jpg 1 325 97 173 173
0042_0386_0614_1279_1279.jpg 1 386 614 1279 1279
0043_0073_0029_0223_0223.jpg 1 73 29 223 223
0044_0345_0783_0308_0308.jpg 1 345 783 308 308
0045_0091_0057_0188_0188.jpg 1 91 57 188 188
0046_0229_0055_0129_0129.jpg 1 229 55 129 129
0047_0241_0124_0134_0134.jpg 1 241 124 134 134
0048_0163_0013_0231_0231.jpg 1 163 13 231 231
0049_0995_0639_0030_0030.jpg 1 995 639 30 30
0050_0159_0096_0020_0020.jpg 1 159 96 20 20
0051_1097_0312_0273_0273.jpg 1 1097 312 273 273
0052_4195_1243_0181_0181.jpg 1 4195 1243 181 181
0053_0179_0134_0197_0197.jpg 1 179 134 197 197
0054_1250_0568_0358_0358.jpg 1 1250 568 358 358
0055_0218_0156_0082_0082.jpg 1 218 156 82 82
0056_1125_0575_0473_0473.jpg 1 1125 575 473 473
0057_0114_0097_0236_0236.jpg 1 114 97 236 236
0058_0712_0562_0593_0593.jpg 1 712 562 593 593
0059_0140_0072_0197_0197.jpg 1 140 72 197 197
0060_0091_0070_0205_0205.jpg 1 91 70 205 205
0061_1519_0659_0830_0830.jpg 1 1519 659 830 830
0062_1043_0663_0429_0429.jpg 1 1043 663 429 429
0063_0199_0212_0103_0103.jpg 1 199 212 103 103
0064_1276_0502_0715_0715.jpg 1 1276 502 715 715
0065_0229_0189_0068_0068.jpg 1 229 189 68 68
0066_0176_0075_0054_0054.jpg 1 176 75 54 54
0067_0057_0060_0048_0048.jpg 1 57 60 48 48
0068_0103_0131_0027_0027.jpg 1 103 131 27 27
0069_1685_1168_1015_1015.jpg 1 1685 1168 1015 1015
0070_2922_0467_0942_0942.jpg 1 2922 467 942 942
0071_0403_0214_0079_0079.jpg 1 403 214 79 79
0072_0432_0205_0116_0116.jpg 1 432 205 116 116
0073_0086_0023_0178_0178.jpg 1 86 23 178 178
0074_0296_0029_0142_0142.jpg 1 296 29 142 142
0075_0436_0169_0149_0149.jpg 1 436 169 149 149
0076_0218_0241_0099_0099.jpg 1 218 241 99 99
0077_0189_0052_0226_0226.jpg 1 189 52 226 226
0078_0063_0156_0128_0128.jpg 1 63 156 128 128
0079_1804_2127_0465_0465.jpg 1 1804 2127 465 465
0080_0886_1024_1840_1840.jpg 1 886 1024 1840 1840
0081_1195_0417_0353_0353.jpg 1 1195 417 353 353
0082_0238_0115_0286_0286.jpg 1 238 115 286 286
0083_0036_0028_0279_0279.jpg 1 36 28 279 279
0084_0960_0361_0476_0476.jpg 1 960 361 476 476
0085_0693_1638_1863_1863.jpg 1 693 1638 1863 1863
0086_0115_0052_0259_0259.jpg 1 115 52 259 259
0087_1991_0535_2187_2187.jpg 1 1991 535 2187 2187
0088_0129_0047_0260_0260.jpg 1 129 47 260 260
0089_0894_0231_0180_0180.jpg 1 894 231 180 180
0090_0382_0243_0023_0023.jpg 1 382 243 23 23
0091_0068_0032_0157_0157.jpg 1 68 32 157 157
0092_0130_0042_0231_0231.jpg 1 130 42 231 231
0093_0201_0174_0184_0184.jpg 1 201 174 184 184
0094_0510_0210_0066_0066.jpg 1 510 210 66 66
0095_0175_0077_0081_0081.jpg 1 175 77 81 81
0096_0258_0126_0066_0066.jpg 1 258 126 66 66
0097_0372_0245_0921_0921.jpg 1 372 245 921 921
0098_2049_0397_2598_2598.jpg 1 2049 397 2598 2598
0099_0404_0109_0099_0099.jpg 1 404 109 99 99
0100_0152_0088_0257_0257.jpg 1 152 88 257 257
0001_1902_0667_0024_0024.jpg 1 1902 667 24 24
0002_0637_0565_0916_0916.jpg 1 637 565 916 916
0003_1082_2148_1241_1241.jpg 1 1082 2148 1241 1241
0004_0147_0093_0284_0284.jpg 1 147 93 284 284
0005_0394_0705_0521_0521.jpg 1 394 705 521 521
0006_0241_0070_0066_0066.jpg 1 241 70 66 66
0007_0100_0164_0129_0129.jpg 1 100 164 129 129
0008_0229_0178_0143_0143.jpg 1 229 178 143 143
0009_0431_0140_0116_0116.jpg 1 431 140 116 116
0010_0330_0066_0156_0156.jpg 1 330 66 156 156
0011_0039_0101_0256_0256.jpg 1 39 101 256 256
0012_0490_0194_0099_0099.jpg 1 490 194 99 99
0013_0145_0096_0227_0227.jpg 1 145 96 227 227
0014_0099_0121_0236_0236.jpg 1 99 121 236 236
0015_0303_0172_0173_0173.jpg 1 303 172 173 173
0016_0254_0180_0125_0125.jpg 1 254 180 125 125
0017_0205_0058_0115_0115.jpg 1 205 58 115 115
0018_1417_0258_0748_0748.jpg 1 1417 258 748 748
0019_1012_0404_0712_0712.jpg 1 1012 404 712 712
0020_1240_0428_0356_0356.jpg 1 1240 428 356 356
0021_0066_0072_0259_0259.jpg 1 66 72 259 259
0022_0252_0091_0142_0142.jpg 1 252 91 142 142
0023_1761_0733_2362_2362.jpg 1 1761 733 2362 2362
0024_0074_0018_0272_0272.jpg 1 74 18 272 272
0025_0206_0283_0684_0684.jpg 1 206 283 684 684
0026_0410_0307_0646_0646.jpg 1 410 307 646 646
0027_0971_0463_0412_0412.jpg 1 971 463 412 412
0028_0289_0068_0108_0108.jpg 1 289 68 108 108
0029_0076_0050_0159_0159.jpg 1 76 50 159 159
0030_0062_0073_0170_0170.jpg 1 62 73 170 170
0031_1607_0634_2517_2517.jpg 1 1607 634 2517 2517
0032_0402_0420_0266_0266.jpg 1 402 420 266 266
0033_0271_0032_0130_0130.jpg 1 271 32 130 130
0034_0568_1056_0243_0243.jpg 1 568 1056 243 243
0035_1224_0719_0097_0097.jpg 1 1224 719 97 97
0036_0419_0253_0087_0087.jpg 1 419 253 87 87
0037_0197_0058_0174_0174.jpg 1 197 58 174 174
0038_0089_0060_0130_0130.jpg 1 89 60 130 130
0039_0706_0522_0361_0361.jpg 1 706 522 361 361
0040_0797_0126_0996_0996.jpg 1 797 126 996 996
0041_0158_0066_0115_0115.jpg 1 158 66 115 115
0042_0284_0309_0665_0665.jpg 1 284 309 665 665
0043_0133_0039_0240_0240.jpg 1 133 39 240 240
0044_0404_0190_0038_0038.jpg 1 404 190 38 38
0045_0778_0344_0549_0549.jpg 1 778 344 549 549
0046_0440_1555_1766_1766.jpg 1 440 1555 1766 1766
0047_2730_0405_1112_1112.jpg 1 2730 405 1112 1112
0048_0237_0153_0098_0098.jpg 1 237 153 98 98
0049_0061_0058_0092_0092.jpg 1 61 58 92 92
0050_0277_0033_0084_0084.jpg 1 277 33 84 84
0051_0191_0159_0107_0107.jpg 1 191 159 107 107
0052_1034_1757_1001_1001.jpg 1 1034 1757 1001 1001
0053_0658_0126_0724_0724.jpg 1 658 126 724 724
0054_0255_0225_0043_0043.jpg 1 255 225 43 43
0055_0497_0256_0039_0039.jpg 1 497 256 39 39
0056_0330_0019_0277_0277.jpg 1 330 19 277 277
0057_0681_0558_0198_0198.jpg 1 681 558 198 198
0058_0216_0148_0117_0117.jpg 1 216 148 117 117
0059_0035_0111_0158_0158.jpg 1 35 111 158 158
0060_0031_0077_0202_0202.jpg 1 31 77 202 202
0061_0304_0016_0264_0264.jpg 1 304 16 264 264
0062_0217_0175_0078_0078.jpg 1 217 175 78 78
0063_0325_0146_0230_0230.jpg 1 325 146 230 230
0064_0801_0202_0122_0122.jpg 1 801 202 122 122
0065_0193_0018_0228_0228.jpg 1 193 18 228 228
0066_0744_0672_0730_0730.jpg 1 744 672 730 730
0067_0037_0115_0198_0198.jpg 1 37 115 198 198
0068_0741_0904_0021_0021.jpg 1 741 904 21 21
0069_1676_0868_1862_1862.jpg 1 1676 868 1862 1862
0070_0071_0185_0125_0125.jpg 1 71 185 125 125
0071_0181_0065_0113_0113.jpg 1 181 65 113 113
0072_0462_0259_0097_0097.jpg 1 462 259 97 97
0073_0389_0840_0221_0221.jpg 1 389 840 221 221
0074_1391_0503_0135_0135.jpg 1 1391 503 135 135
0075_0132_0261_0087_0087.jpg 1 132 261 87 87
0076_0804_0656_0628_0628.jpg 1 804 656 628 628
0077_0299_0189_0062_0062.jpg 1 299 189 62 62
0078_0183_0212_0072_0072.jpg 1 183 212 72 72
0079_0246_0036_0300_0300.jpg 1 246 36 300 300
0080_2231_1203_1563_1563.jpg 1 2231 1203 1563 1563
0081_1715_0517_0397_0397.jpg 1 1715 517 397 397
0082_0289_0283_0067_0067.jpg 1 289 283 67 67
0083_1489_0127_0067_0067.jpg 1 1489 127 67 67
0084_0055_0101_0214_0214.jpg 1 55 101 214 214
0085_1143_0521_0484_0484.jpg 1 1143 521 484 484
0086_1072_0774_0512_0512.jpg 1 1072 774 512 512
0087_0262_0123_0101_0101.jpg 1 262 123 101 101
0088_1152_0392_0485_0485.jpg 1 1152 392 485 485
0089_0249_0118_0215_0215.jpg 1 249 118 215 215
0090_0227_0041_0127_0127.jpg 1 227 41 127 127
0091_0348_0333_0775_0775.jpg 1 348 333 775 775
0092_1283_0896_0801_0801.jpg 1 1283 896 801 801
0093_0127_0254_0035_0035.jpg 1 127 254 35 35
0094_1069_0383_0337_0337.jpg 1 1069 383 337 337
0095_0129_0174_0178_0178.jpg 1 129 174 178 178
0096_0393_0163_0058_0058.jpg 1 393 163 58 58
0097_0056_0036_0029_0029.jpg 1 56 36 29 29
0098_0157_0114_0138_0138.jpg 1 157 114 138 138
0099_0766_0712_0377_0377.jpg 1 766 712 377 377
0100_0499_0235_0054_0054.jpg 1 499 235 54 54
