0001_0319_0108_0273_0273.jpg 1 319 108 273 273
0002_0071_0092_0294_0294.jpg 1 71 92 294 294
0003_0284_0221_0497_0497.jpg 1 284 221 497 497
0004_0095_0053_0140_0140.jpg 1 95 53 140 140
0005_0084_0075_0168_0168.jpg 1 84 75 168 168
0006_0281_0524_0551_0551.jpg 1 281 524 551 551
0007_0530_0362_0772_0772.jpg 1 530 362 772 772
0008_0569_0181_0728_0728.jpg 1 569 181 728 728
0009_0368_0083_0169_0169.jpg 1 368 83 169 169
0010_1053_1179_0203_0203.jpg 1 1053 1179 203 203
0011_1613_0447_0517_0517.jpg 1 1613 447 517 517
0012_0599_0234_0047_0047.jpg 1 599 234 47 47
0013_0580_0535_0401_0401.jpg 1 580 535 401 401
0014_0568_0585_0370_0370.jpg 1 568 585 370 370
0015_0154_0132_0073_0073.jpg 1 154 132 73 73
0016_0224_0118_0060_0060.jpg 1 224 118 60 60
0017_1012_0648_0348_0348.jpg 1 1012 648 348 348
0018_3762_3133_0144_0144.jpg 1 3762 3133 144 144
0019_0145_0110_0161_0161.jpg 1 145 110 161 161
0020_2482_1664_1222_1222.jpg 1 2482 1664 1222 1222
0021_2004_1112_0088_0088.jpg 1 2004 1112 88 88
0022_0082_0171_0033_0033.jpg 1 82 171 33 33
0023_0249_0154_0076_0076.jpg 1 249 154 76 76
0024_0223_0135_0160_0160.jpg 1 223 135 160 160
0025_0351_0275_0069_0069.jpg 1 351 275 69 69
0026_0256_0172_0022_0022.jpg 1 256 172 22 22
0027_0195_0089_0065_0065.jpg 1 195 89 65 65
0028_0158_0055_0695_0695.jpg 1 158 55 695 695
0029_0287_0123_0135_0135.jpg 1 287 123 135 135
0030_0102_0350_0021_0021.jpg 1 102 350 21 21
0031_0992_0429_0590_0590.jpg 1 992 429 590 590
0032_0541_0227_0035_0035.jpg 1 541 227 35 35
0033_0324_0100_0174_0174.jpg 1 324 100 174 174
0034_0828_0156_0724_0724.jpg 1 828 156 724 724
0035_2331_2262_0190_0190.jpg 1 2331 2262 190 190
0036_0196_0033_0232_0232.jpg 1 196 33 232 232
0037_0205_0064_0236_0236.jpg 1 205 64 236 236
0038_0496_0054_0053_0053.jpg 1 496 54 53 53
0039_0597_0151_0654_0654.jpg 1 597 151 654 654
0040_0388_0100_0028_0028.jpg 1 388 100 28 28
0041_0214_0055_0034_0034.jpg 1 214 55 34 34
0042_0308_0145_0120_0120.jpg 1 308 145 120 120
0043_0340_0208_0079_0079.jpg 1 340 208 79 79
0044_0692_0529_0085_0085.jpg 1 692 529 85 85
0045_0796_0757_0157_0157.jpg 1 796 757 157 157
0046_0078_0090_0205_0205.jpg 1 78 90 205 205
0047_0467_0242_0100_0100.jpg 1 467 242 100 100
0048_1545_2021_0767_0767.jpg 1 1545 2021 767 767
0049_0679_0088_0428_0428.jpg 1 679 88 428 428
0050_0199_0102_0196_0196.jpg 1 199 102 196 196
0051_1667_0703_0705_0705.jpg 1 1667 703 705 705
0052_2356_1512_0997_0997.jpg 1 2356 1512 997 997
0053_0118_0082_0205_0205.jpg 1 118 82 205 205
0054_0158_0133_0147_0147.jpg 1 158 133 147 147
0055_0337_0701_0791_0791.jpg 1 337 701 791 791
0056_0173_0058_0275_0275.jpg 1 173 58 275 275
0057_0456_0249_0109_0109.jpg 1 456 249 109 109
0058_1220_1369_0041_0041.jpg 1 1220 1369 41 41
0059_1246_0334_2064_2064.jpg 1 1246 334 2064 2064
0060_0148_0165_0089_0089.jpg 1 148 165 89 89
0061_1653_1003_2018_2018.jpg 1 1653 1003 2018 2018
0062_0218_0180_0754_0754.jpg 1 218 180 754 754
0063_0081_0135_0167_0167.jpg 1 81 135 167 167
0064_0661_0860_0235_0235.jpg 1 661 860 235 235
0065_1232_0436_1315_1315.jpg 1 1232 436 1315 1315
0066_2138_1116_0317_0317.jpg 1 2138 1116 317 317
0067_1380_0947_2406_2406.jpg 1 1380 947 2406 2406
0068_0120_0086_0139_0139.jpg 1 120 86 139 139
0069_0234_0105_0235_0235.jpg 1 234 105 235 235
0070_1202_1500_1210_1210.jpg 1 1202 1500 1210 1210
0071_0294_0048_0095_0095.jpg 1 294 48 95 95
0072_1115_1059_0128_0128.jpg 1 1115 1059 128 128
0073_0193_0267_0034_0034.jpg 1 193 267 34 34
0074_0258_0167_0085_0085.jpg 1 258 167 85 85
0075_1030_1040_0189_0189.jpg 1 1030 1040 189 189
0076_1352_0272_0318_0318.jpg 1 1352 272 318 318
0077_3353_2849_0337_0337.jpg 1 3353 2849 337 337
0078_0835_0242_0795_0795.jpg 1 835 242 795 795
0079_0414_0071_0058_0058.jpg 1 414 71 58 58
0080_0113_0193_0110_0110.jpg 1 113 193 110 110
0081_0328_0252_0063_0063.jpg 1 328 252 63 63
0082_0335_0157_0064_0064.jpg 1 335 157 64 64
0083_0166_0118_0082_0082.jpg 1 166 118 82 82
0084_0088_0111_0089_0089.jpg 1 88 111 89 89
0085_0223_0042_0186_0186.jpg 1 223 42 186 186
0086_0694_0440_0520_0520.jpg 1 694 440 520 520
0087_0632_0383_0357_0357.jpg 1 632 383 357 357
0088_0262_0200_0152_0152.jpg 1 262 200 152 152
0089_0252_0027_0112_0112.jpg 1 252 27 112 112
0090_0163_0305_0799_0799.jpg 1 163 305 799 799
0091_3273_0436_0946_0946.jpg 1 3273 436 946 946
0092_0313_0109_0281_0281.jpg 1 313 109 281 281
0093_1085_0340_1811_1811.jpg 1 1085 340 1811 1811
0094_0399_0248_2236_2236.jpg 1 399 248 2236 2236
0095_0841_0512_0065_0065.jpg 1 841 512 65 65
0096_0355_0408_0847_0847.jpg 1 355 408 847 847
0097_0599_0375_0832_0832.jpg 1 599 375 832 832
0098_0082_0086_0261_0261.jpg 1 82 86 261 261
0099_1094_0227_0842_0842.jpg 1 1094 227 842 842
0100_0160_0043_0226_0226.jpg 1 160 43 226 226
