0001_1902_0667_0024_0024.jpg 1 1902 667 24 24
0002_0637_0565_0916_0916.jpg 1 637 565 916 916
0003_1082_2148_1241_1241.jpg 1 1082 2148 1241 1241
0004_0147_0093_0284_0284.jpg 1 147 93 284 284
0005_0394_0705_0521_0521.jpg 1 394 705 521 521
0006_0241_0070_0066_0066.jpg 1 241 70 66 66
0007_0100_0164_0129_0129.jpg 1 100 164 129 129
0008_0229_0178_0143_0143.jpg 1 229 178 143 143
0009_0431_0140_0116_0116.jpg 1 431 140 116 116
0010_0330_0066_0156_0156.jpg 1 330 66 156 156
0011_0039_0101_0256_0256.jpg 1 39 101 256 256
0012_0490_0194_0099_0099.jpg 1 490 194 99 99
0013_0145_0096_0227_0227.jpg 1 145 96 227 227
0014_0099_0121_0236_0236.jpg 1 99 121 236 236
0015_0303_0172_0173_0173.jpg 1 303 172 173 173
0016_0254_0180_0125_0125.jpg 1 254 180 125 125
0017_0205_0058_0115_0115.jpg 1 205 58 115 115
0018_1417_0258_0748_0748.jpg 1 1417 258 748 748
0019_1012_0404_0712_0712.jpg 1 1012 404 712 712
0020_1240_0428_0356_0356.jpg 1 1240 428 356 356
0021_0066_0072_0259_0259.jpg 1 66 72 259 259
0022_0252_0091_0142_0142.jpg 1 252 91 142 142
0023_1761_0733_2362_2362.jpg 1 1761 733 2362 2362
0024_0074_0018_0272_0272.jpg 1 74 18 272 272
0025_0206_0283_0684_0684.jpg 1 206 283 684 684
0026_0410_0307_0646_0646.jpg 1 410 307 646 646
0027_0971_0463_0412_0412.jpg 1 971 463 412 412
0028_0289_0068_0108_0108.jpg 1 289 68 108 108
0029_0076_0050_0159_0159.jpg 1 76 50 159 159
0030_0062_0073_0170_0170.jpg 1 62 73 170 170
0031_1607_0634_2517_2517.jpg 1 1607 634 2517 2517
0032_0402_0420_0266_0266.jpg 1 402 420 266 266
0033_0271_0032_0130_0130.jpg 1 271 32 130 130
0034_0568_1056_0243_0243.jpg 1 568 1056 243 243
0035_1224_0719_0097_0097.jpg 1 1224 719 97 97
0036_0419_0253_0087_0087.jpg 1 419 253 87 87
0037_0197_0058_0174_0174.jpg 1 197 58 174 174
0038_0089_0060_0130_0130.jpg 1 89 60 130 130
0039_0706_0522_0361_0361.jpg 1 706 522 361 361
0040_0797_0126_0996_0996.jpg 1 797 126 996 996
0041_0158_0066_0115_0115.jpg 1 158 66 115 115
0042_0284_0309_0665_0665.jpg 1 284 309 665 665
0043_0133_0039_0240_0240.jpg 1 133 39 240 240
0044_0404_0190_0038_0038.jpg 1 404 190 38 38
0045_0778_0344_0549_0549.jpg 1 778 344 549 549
0046_0440_1555_1766_1766.jpg 1 440 1555 1766 1766
0047_2730_0405_1112_1112.jpg 1 2730 405 1112 1112
0048_0237_0153_0098_0098.jpg 1 237 153 98 98
0049_0061_0058_0092_0092.jpg 1 61 58 92 92
0050_0277_0033_0084_0084.jpg 1 277 33 84 84
0051_0191_0159_0107_0107.jpg 1 191 159 107 107
0052_1034_1757_1001_1001.jpg 1 1034 1757 1001 1001
0053_0658_0126_0724_0724.jpg 1 658 126 724 724
0054_0255_0225_0043_0043.jpg 1 255 225 43 43
0055_0497_0256_0039_0039.jpg 1 497 256 39 39
0056_0330_0019_0277_0277.jpg 1 330 19 277 277
0057_0681_0558_0198_0198.jpg 1 681 558 198 198
0058_0216_0148_0117_0117.jpg 1 216 148 117 117
0059_0035_0111_0158_0158.jpg 1 35 111 158 158
0060_0031_0077_0202_0202.jpg 1 31 77 202 202
0061_0304_0016_0264_0264.jpg 1 304 16 264 264
0062_0217_0175_0078_0078.jpg 1 217 175 78 78
0063_0325_0146_0230_0230.jpg 1 325 146 230 230
0064_0801_0202_0122_0122.jpg 1 801 202 122 122
0065_0193_0018_0228_0228.jpg 1 193 18 228 228
0066_0744_0672_0730_0730.jpg 1 744 672 730 730
0067_0037_0115_0198_0198.jpg 1 37 115 198 198
0068_0741_0904_0021_0021.jpg 1 741 904 21 21
0069_1676_0868_1862_1862.jpg 1 1676 868 1862 1862
0070_0071_0185_0125_0125.jpg 1 71 185 125 125
0071_0181_0065_0113_0113.jpg 1 181 65 113 113
0072_0462_0259_0097_0097.jpg 1 462 259 97 97
0073_0389_0840_0221_0221.jpg 1 389 840 221 221
0074_1391_0503_0135_0135.jpg 1 1391 503 135 135
0075_0132_0261_0087_0087.jpg 1 132 261 87 87
0076_0804_0656_0628_0628.jpg 1 804 656 628 628
0077_0299_0189_0062_0062.jpg 1 299 189 62 62
0078_0183_0212_0072_0072.jpg 1 183 212 72 72
0079_0246_0036_0300_0300.jpg 1 246 36 300 300
0080_2231_1203_1563_1563.jpg 1 2231 1203 1563 1563
0081_1715_0517_0397_0397.jpg 1 1715 517 397 397
0082_0289_0283_0067_0067.jpg 1 289 283 67 67
0083_1489_0127_0067_0067.jpg 1 1489 127 67 67
0084_0055_0101_0214_0214.jpg 1 55 101 214 214
0085_1143_0521_0484_0484.jpg 1 1143 521 484 484
0086_1072_0774_0512_0512.jpg 1 1072 774 512 512
0087_0262_0123_0101_0101.jpg 1 262 123 101 101
0088_1152_0392_0485_0485.jpg 1 1152 392 485 485
0089_0249_0118_0215_0215.jpg 1 249 118 215 215
0090_0227_0041_0127_0127.jpg 1 227 41 127 127
0091_0348_0333_0775_0775.jpg 1 348 333 775 775
0092_1283_0896_0801_0801.jpg 1 1283 896 801 801
0093_0127_0254_0035_0035.jpg 1 127 254 35 35
0094_1069_0383_0337_0337.jpg 1 1069 383 337 337
0095_0129_0174_0178_0178.jpg 1 129 174 178 178
0096_0393_0163_0058_0058.jpg 1 393 163 58 58
0097_0056_0036_0029_0029.jpg 1 56 36 29 29
0098_0157_0114_0138_0138.jpg 1 157 114 138 138
0099_0766_0712_0377_0377.jpg 1 766 712 377 377
0100_0499_0235_0054_0054.jpg 1 499 235 54 54
